0
0
-3
-9
-13
-8
3
10
11
6
2
-4
-18
-32
-37
-23
5
29
41
36
15
-17
-59
-90
-93
-55
16
82
122
111
48
-44
-152
-218
-215
-121
46
211
320
305
156
-95
-391
-606
-640
-407
95
770
1496
2100
2449
2459
2106
1496
761
83
-400
-635
-606
-404
-110
161
307
320
196
28
-118
-215
-218
-169
-64
48
109
122
61
-5
-59
-97
-90
-83
-40
8
29
41
3
-20
-33
-45
-32
-48
-32
-10
-3
11
-24
-27
-23
-24
-9
-40
-32
-15
-14
-4
-38
-29
-15
-14
-4
-38
-29
-15
-14
-4
-38
-29
-15
-14
-4
-38
-29
-15
-14
-4
-38
-29
-15
-14
-4
-38
-29
-15
-14
-4
-38
-29
-15
-14
-4
-38
-29
-15
-14
-4
-38
-29
-15
-14
-4
-38
-29
-15
-14
-4
-38
-29
-15
-14
-4
-38
-29
-15
-14
-4
-38
-29
-15
-14
-4
-38
-29
-15
-14
-4
-38
-29
-15
-14
-4
-38
-29
-15
-14
-4
-38
-29
-15
-14
-4
-38
-29
-15
-14
-4
-38
-29
-15
-14
-4
-38
-29
-15
-14
-4
-38
-29
-15
-14
-4
-38
-29
-15
-14
-4
-38
-29
-15
-14
-4
-38
-29
-15
-14
-4
-38
-29
-15
-14
-4
-38
-29
-15
-14
-4
-38
-29
-15
-14
-4
-38
-29
-15
-14
-4
-38
-29
-15
-14
-4
-38
-29
-15
-14
-4
-38
-29
-15
-14
-4
-38
-29
-15
-14
-4
-38
-29
-15
-14
-4
-38
-29
-15
-14
-4
-38
-29
-15
-14
-4
-38
-29
-15
-14
-4
-38
-29
-15
-14
-4
-38
-29
-15
-14
-4
-38
-29
-15
-14
-4
-38
-29
-15
-14
-4
-38
-29
-15
-14
-4
-38
-29
-15
-14
-4
-38
-29
-15
-14
-4
-38
-29
-15
-14
-4
-38
-29
-15
-14
-4
-38
-29
-15
-14
-4
-38
-29
-15
-14
-4
-38
-29
-15
-14
-4
-38
-29
-15
-14
-4
-38
-29
-15
-14
-4
-38
-29
-15
-14
-4
-38
-29
-15
-14
-4
-38
-29
-15
-14
-4
-38
-29
-15
-14
-4
-38
-29
-15
-14
-4
-38
-29
-15
-14
-4
-38
-29
-15
-14
-4
-38
-29
-15
-14
-4
-38
-29
-15
-14
-4
-38
-29
-15
-14
-4
-38
-29
-15
-14
-4
-38
-29
-15
-14
-4
-38
-29
-15
-14
-4
-38
-29
-15
-14
-4
-38
-29
-15
-14
-4
-38
-29
-15
-14
-4
-38
-29
-15
-14
-4
-38
-29
-15
-14
-4
-38
-29
-15
-14
-4
-38
-29
-15
-14
-4
-38
-29
-15
-14
-4
-38
-29
-15
-14
-4
-38
-29
-15
-14
-4
-38
-29
-15
-14
-4
-38
-29
-15
-14
-4
-38
-29
-15
-14
-4
-38
-29
-15
-14
-4
-38
-29
-15
-14
-4
-38
-29
-15
-14
-4
-38
-29
