0
0
-2
-7
-16
-24
-25
-17
2
27
49
57
40
-7
-67
-122
-146
-110
-19
104
214
259
197
29
-201
-411
-504
-403
-109
296
665
828
666
180
-503
-1125
-1410
-1164
-374
743
1777
2271
1882
576
-1312
-3099
-3986
-3303
-814
3116
7540
11161
12727
11467
7398
1433
-4842
-9604
-11409
-9645
-4820
1582
7496
11006
10897
7154
991
-5582
-10335
-11650
-9032
-3337
3532
9249
11830
10375
5338
-1563
-7983
-11699
-11412
-7195
-494
6400
11103
11973
8702
2413
-4741
-10279
-12283
-10047
-4347
2854
9073
12148
11019
6062
-997
-7730
-11805
-11803
-7727
-990
6077
11041
12169
9086
2851
-4378
-10101
-12342
-10321
-4740
2474
8816
12110
11204
6412
-604
-7421
-11680
-11908
-8022
-1374
5740
10866
12218
9344
3223
-4014
-9876
-12329
-10527
-5097
2096
8548
12042
11359
6739
-217
-7108
-11549
-12006
-8319
-1761
5398
10680
12255
9589
3596
-3645
-9638
-12304
-10729
-5447
1712
8270
11957
11500
7059
168
-6788
-11408
-12091
-8597
-2145
5048
10478
12280
9828
3965
-3272
-9393
-12267
-10915
-5789
1325
7973
11859
11631
7372
555
-6461
-11253
-12159
-8865
-2523
4691
10272
12293
10052
4329
-2900
-9135
-12218
-11090
-6126
941
7679
11754
11754
7679
941
-6126
-11090
-12218
-9135
-2900
4329
10052
12293
10272
4691
-2523
-8865
-12159
-11253
-6461
555
7372
11631
11859
7973
1325
-5789
-10915
-12267
-9393
-3272
3965
9828
12280
10478
5048
-2145
-8597
-12091
-11408
-6788
168
7059
11500
11957
8270
1712
-5447
-10729
-12304
-9638
-3645
3596
9589
12255
10680
5398
-1761
-8319
-12006
-11549
-7108
-217
6739
11359
12042
8548
2096
-5097
-10527
-12329
-9876
-4014
3223
9344
12218
10866
5740
-1374
-8022
-11908
-11680
-7421
-604
6412
11204
12110
8816
2474
-4740
-10321
-12342
-10101
-4378
2851
9086
12169
11041
6077
-990
-7727
-11803
-11803
-7727
-990
6077
11041
12169
9086
2851
-4378
-10101
-12342
-10321
-4740
2474
8816
12110
11204
6412
-604
-7421
-11680
-11908
-8022
-1374
5740
10866
12218
9344
3223
-4014
-9876
-12329
-10527
-5097
2096
8548
12042
11359
6739
-217
-7108
-11549
-12006
-8319
-1761
5398
10680
12255
9589
3596
-3645
-9638
-12304
-10729
-5447
1712
8270
11957
11500
7059
168
-6788
-11408
-12091
-8597
-2145
5048
10478
12280
9828
3965
-3272
-9393
-12267
-10915
-5789
1325
7973
11859
11631
7372
555
-6461
-11253
-12159
-8865
-2523
4691
10272
12293
10052
4329
-2900
-9135
-12218
-11090
-6126
941
7679
11754
11754
7679
941
-6126
-11090
-12218
-9135
-2900
4329
10052
12293
10272
4691
-2523
-8865
-12159
-11253
-6461
555
7372
11631
11859
7973
1325
-5789
-10915
-12267
-9393
-3272
3965
9828
12280
10478
5048
-2145
-8597
-12091
-11408
-6788
168
7059
11500
11957
8270
1712
-5447
-10729
-12304
-9638
-3645
3596
9589
12255
10680
5398
-1761
-8319
-12006
-11549
-7108
-217
6739
11359
12042
8548
2096
-5097
-10527
-12329
-9876
-4014
3223
9344
12218
10866
5740
-1374
-8022
-11908
-11680
-7421
-604
6412
11204
12110
8816
2474
-4740
-10321
-12342
-10101
-4378
2851
9086
12169
11041
6077
-990
-7727
-11803
