0
0
0
0
-2
-7
-15
-22
-24
-15
5
32
55
62
44
-1
-63
-117
-138
-103
-12
113
224
270
209
40
-192
-401
-491
-391
-97
309
679
842
683
194
-486
-1109
-1396
-1148
-356
761
1797
2290
1903
596
-1289
-3079
-3965
-3282
-793
3138
7563
11186
12755
11492
7422
1456
-4815
-9582
-11386
-9625
-4796
1604
7526
11028
10918
7180
1009
-5557
-10312
-11626
-9012
-3313
3561
9273
11858
10399
5365
-1544
-7963
-11677
-11389
-7174
-468
6427
11128
12002
8732
2436
-4717
-10255
-12259
-10027
-4324
2882
9099
12176
11044
6090
-974
-7707
-11778
-11777
-7704
-967
6104
11064
12197
9112
2876
-4356
-10081
-12320
-10298
-4716
2498
8847
12137
11229
6437
-581
-7398
-11657
-11885
-8002
-1353
5765
10888
12246
9368
3251
-3991
-9853
-12308
-10506
-5071
2118
8574
12064
11382
6764
-194
-7085
-11526
-11981
-8293
-1737
5420
10702
12282
9615
3622
-3623
-9616
-12283
-10703
-5421
1736
8292
11980
11525
7084
193
-6765
-11383
-12065
-8575
-2119
5070
10505
12307
9852
3990
-3252
-9369
-12247
-10889
-5766
1352
8001
11884
11656
7397
580
-6438
-11230
-12138
-8848
-2499
4715
10297
12319
10080
4355
-2877
-9113
-12198
-11065
-6105
966
7703
11776
11776
7703
966
-6105
-11065
-12198
-9113
-2877
4355
10080
12319
10297
4715
-2499
-8848
-12138
-11230
-6438
580
7397
11656
11884
8001
1352
-5766
-10889
-12247
-9369
-3252
3990
9852
12307
10505
5070
-2119
-8575
-12065
-11383
-6765
193
7084
11525
11980
8292
1736
-5421
-10703
-12283
-9616
-3623
3622
9615
12282
10702
5420
-1737
-8293
-11981
-11526
-7085
-194
6764
11382
12064
8574
2118
-5071
-10506
-12308
-9853
-3991
3251
9368
12246
10888
5765
-1353
-8002
-11885
-11657
-7398
-581
6437
11229
12137
8847
2498
-4716
-10298
-12320
-10081
-4356
2876
9112
12197
11064
6104
-967
-7704
-11777
-11777
-7704
-967
6104
11064
12197
9112
2876
-4356
-10081
-12320
-10298
-4716
2498
8847
12137
11229
6437
-581
-7398
-11657
-11885
-8002
-1353
5765
10888
12246
9368
3251
-3991
-9853
-12308
-10506
-5071
2118
8574
12064
11382
6764
-194
-7085
-11526
-11981
-8293
-1737
5420
10702
12282
9615
3622
-3623
-9616
-12283
-10703
-5421
1736
8292
11980
11525
7084
193
-6765
-11383
-12065
-8575
-2119
5070
10505
12307
9852
3990
-3252
-9369
-12247
-10889
-5766
1352
8001
11884
11656
7397
580
-6438
-11230
-12138
-8848
-2499
4715
10297
12319
10080
4355
-2877
-9113
-12198
-11065
-6105
966
7703
11776
11776
7703
966
-6105
-11065
-12198
-9113
-2877
4355
10080
12319
10297
4715
-2499
-8848
-12138
-11230
-6438
580
7397
11656
11884
8001
1352
-5766
-10889
-12247
-9369
-3252
3990
9852
12307
10505
5070
-2119
-8575
-12065
-11383
-6765
193
7084
11525
11980
8292
1736
-5421
-10703
-12283
-9616
-3623
3622
9615
12282
10702
5420
-1737
-8293
-11981
-11526
-7085
-194
6764
11382
12064
8574
2118
-5071
-10506
-12308
-9853
-3991
3251
9368
12246
10888
5765
-1353
-8002
-11885
-11657
-7398
-581
6437
11229
12137
8847
2498
-4716
-10298
-12320
-10081
-4356
2876
9112
12197
11064
6104
-967
