0
0
0
0
-2
-8
-16
-22
-20
-7
17
41
56
48
14
-40
-95
-123
-101
-25
86
191
238
188
38
-171
-357
-429
-326
-50
315
625
727
529
51
-555
-1048
-1186
-833
-40
939
1716
1912
1318
20
-1584
-2882
-3257
-2318
-91
2938
5943
8011
8460
7082
4246
784
-2277
-4068
-4174
-2763
-506
1687
3006
3034
1875
85
-1577
-2457
-2263
-1156
340
1575
2050
1618
522
-724
-1571
-1675
-1031
36
1031
1511
1284
480
-515
-1240
-1373
-867
29
895
1332
1143
425
-485
-1163
-1299
-831
20
860
1300
1137
448
-447
-1139
-1308
-877
-44
809
1291
1180
527
-368
-1094
-1318
-938
-127
742
1270
1215
602
-287
-1045
-1324
-995
-210
672
1244
1246
675
-206
-992
-1324
-1048
-291
599
1214
1271
745
-123
-935
-1318
-1096
-372
524
1178
1292
813
-40
-874
-1308
-1141
-451
446
1138
1307
876
43
-810
-1292
-1181
-528
367
1093
1317
937
126
-743
-1271
-1216
-603
286
1044
1323
994
209
-673
-1245
-1247
-676
205
991
1323
1047
290
-600
-1215
-1272
-746
122
934
1317
1095
371
-525
-1179
-1293
-814
39
873
1307
1140
450
-447
-1139
-1308
-877
-44
809
1291
1180
527
-368
-1094
-1318
-938
-127
742
1270
1215
602
-287
-1045
-1324
-995
-210
672
1244
1246
675
-206
-992
-1324
-1048
-291
599
1214
1271
745
-123
-935
-1318
-1096
-372
524
1178
1292
813
-40
-874
-1308
-1141
-451
446
1138
1307
876
43
-810
-1292
-1181
-528
367
1093
1317
937
126
-743
-1271
-1216
-603
286
1044
1323
994
209
-673
-1245
-1247
-676
205
991
1323
1047
290
-600
-1215
-1272
-746
122
934
1317
1095
371
-525
-1179
-1293
-814
39
873
1307
1140
450
-447
-1139
-1308
-877
-44
809
1291
1180
527
-368
-1094
-1318
-938
-127
742
1270
1215
602
-287
-1045
-1324
-995
-210
672
1244
1246
675
-206
-992
-1324
-1048
-291
599
1214
1271
745
-123
-935
-1318
-1096
-372
524
1178
1292
813
-40
-874
-1308
-1141
-451
446
1138
1307
876
43
-810
-1292
-1181
-528
367
1093
1317
937
126
-743
-1271
-1216
-603
286
1044
1323
994
209
-673
-1245
-1247
-676
205
991
1323
1047
290
-600
-1215
-1272
-746
122
934
1317
1095
371
-525
-1179
-1293
-814
39
873
1307
1140
450
-447
-1139
-1308
-877
-44
809
1291
1180
527
-368
-1094
-1318
-938
-127
742
1270
1215
602
-287
-1045
-1324
-995
-210
672
1244
1246
675
-206
-992
-1324
-1048
-291
599
1214
1271
745
-123
-935
-1318
-1096
-372
524
1178
1292
813
-40
-874
-1308
-1141
-451
446
1138
1307
876
43
-810
-1292
-1181
-528
367
1093
1317
937
126
-743
-1271
-1216
-603
286
1044
1323
994
209
-673
-1245
-1247
-676
205
991
1323
1047
290
-600
-1215
-1272
-746
122
934
1317
1095
371
-525
-1179
-1293
-814
39
873
1307
