0
0
-2
-8
-16
-24
-21
-9
13
37
50
44
8
-44
-100
-128
-108
-32
76
182
228
177
30
-182
-368
-440
-337
-64
304
612
714
515
39
-567
-1061
-1201
-848
-57
923
1699
1895
1300
2
-1605
-2901
-3277
-2339
-114
2915
5921
7990
8438
7061
4222
758
-2302
-4094
-4197
-2789
-529
1667
2983
3012
1851
59
-1603
-2480
-2288
-1178
317
1553
2030
1591
500
-748
-1594
-1697
-1053
12
1007
1489
1261
453
-537
-1266
-1398
-895
6
874
1306
1117
400
-510
-1190
-1323
-855
-2
836
1276
1114
421
-469
-1165
-1334
-903
-70
784
1268
1157
502
-392
-1117
-1344
-964
-149
720
1246
1191
575
-313
-1069
-1352
-1019
-235
646
1216
1218
649
-231
-1016
-1352
-1071
-317
571
1190
1247
723
-145
-961
-1344
-1119
-396
498
1156
1268
788
-66
-900
-1334
-1167
-473
420
1115
1284
853
20
-834
-1318
-1207
-552
342
1067
1294
916
99
-770
-1296
-1241
-625
263
1019
1302
969
185
-696
-1266
-1267
-699
181
966
1302
1021
267
-621
-1240
-1297
-773
95
913
1294
1069
346
-548
-1206
-1318
-838
16
850
1284
1117
423
-469
-1165
-1334
-903
-70
784
1268
1157
502
-392
-1117
-1344
-964
-149
720
1246
1191
575
-313
-1069
-1352
-1019
-235
646
1216
1218
649
-231
-1016
-1352
-1071
-317
571
1190
1247
723
-145
-961
-1344
-1119
-396
498
1156
1268
788
-66
-900
-1334
-1167
-473
420
1115
1284
853
20
-834
-1318
-1207
-552
342
1067
1294
916
99
-770
-1296
-1241
-625
263
1019
1302
969
185
-696
-1266
-1267
-699
181
966
1302
1021
267
-621
-1240
-1297
-773
95
913
1294
1069
346
-548
-1206
-1318
-838
16
850
1284
1117
423
-469
-1165
-1334
-903
-70
784
1268
1157
502
-392
-1117
-1344
-964
-149
720
1246
1191
575
-313
-1069
-1352
-1019
-235
646
1216
1218
649
-231
-1016
-1352
-1071
-317
571
1190
1247
723
-145
-961
-1344
-1119
-396
498
1156
1268
788
-66
-900
-1334
-1167
-473
420
1115
1284
853
20
-834
-1318
-1207
-552
342
1067
1294
916
99
-770
-1296
-1241
-625
263
1019
1302
969
185
-696
-1266
-1267
-699
181
966
1302
1021
267
-621
-1240
-1297
-773
95
913
1294
1069
346
-548
-1206
-1318
-838
16
850
1284
1117
423
-469
-1165
-1334
-903
-70
784
1268
1157
502
-392
-1117
-1344
-964
-149
720
1246
1191
575
-313
-1069
-1352
-1019
-235
646
1216
1218
649
-231
-1016
-1352
-1071
-317
571
1190
1247
723
-145
-961
-1344
-1119
-396
498
1156
1268
788
-66
-900
-1334
-1167
-473
420
1115
1284
853
20
-834
-1318
-1207
-552
342
1067
1294
916
99
-770
-1296
-1241
-625
263
1019
1302
969
185
-696
-1266
-1267
-699
181
966
1302
1021
267
-621
-1240
-1297
-773
95
913
1294
1069
346
-548
-1206
-1318
-838
16
850
1284
1117
423
