0
0
0
0
-2
-7
-15
-22
-24
-15
5
32
55
62
44
-1
-63
-117
-138
-103
-12
113
224
270
209
40
-192
-401
-491
-391
-97
309
679
842
683
194
-486
-1109
-1396
-1148
-356
761
1797
2290
1903
596
-1289
-3079
-3965
-3282
-793
3138
7563
11186
12755
11492
7422
1456
-4815
-9582
-11386
-9625
-4796
1604
7526
11028
10918
7180
1009
-5557
-10312
-11626
-9012
-3313
3561
9273
11858
10399
5365
-1544
-7963
-11677
-11389
-7174
-468
6427
11128
12002
8732
2436
-4717
-10255
-12259
-10027
-4324
2882
9099
12176
11044
6090
-974
-7707
-11778
-11778
-7705
-967
6105
11066
12199
9114
2876
-4356
-10082
-12322
-10300
-4716
2498
8849
12139
11230
6438
-581
-7399
-11659
-11886
-8003
-1353
5766
10890
12248
9370
3251
-3992
-9855
-12309
-10507
-5071
2118
8575
12066
11384
6765
-194
-7086
-11528
-11983
-8294
-1737
5421
10703
12284
9616
3623
-3624
-9617
-12285
-10704
-5422
1736
8293
11982
11527
7085
193
-6766
-11385
-12067
-8576
-2119
5070
10506
12308
9854
3991
-3252
-9371
-12249
-10891
-5767
1352
8002
11885
11658
7398
580
-6439
-11231
-12140
-8850
-2499
4715
10299
12321
10081
4355
-2877
-9115
-12200
-11067
-6106
966
7704
11777
11777
7704
966
-6106
-11067
-12200
-9115
-2877
4355
10081
12321
10299
4715
-2499
-8850
-12140
-11231
-6439
580
7398
11658
11885
8002
1352
-5767
-10891
-12249
-9371
-3252
3991
9854
12308
10506
5070
-2119
-8576
-12067
-11385
-6766
193
7085
11527
11982
8293
1736
-5422
-10704
-12285
-9617
-3624
3623
9616
12284
10703
5421
-1737
-8294
-11983
-11528
-7086
-194
6765
11384
12066
8575
2118
-5071
-10507
-12309
-9855
-3992
3251
9370
12248
10890
5766
-1353
-8003
-11886
-11659
-7399
-581
6438
11230
12139
8849
2498
-4716
-10300
-12322
-10082
-4356
2876
9114
12199
11066
6105
-967
-7705
-11778
-11778
-7705
-967
6105
11066
12199
9114
2876
-4356
-10082
-12322
-10300
-4716
2498
8849
12139
11230
6438
-581
-7399
-11659
-11886
-8003
-1353
5766
10890
12248
9370
3251
-3992
-9855
-12309
-10507
-5071
2118
8575
12066
11384
6765
-194
-7086
-11528
-11983
-8294
-1737
5421
10703
12284
9616
3623
-3624
-9617
-12285
-10704
-5422
1736
8293
11982
11527
7085
193
-6766
-11385
-12067
-8576
-2119
5070
10506
12308
9854
3991
-3252
-9371
-12249
-10891
-5767
1352
8002
11885
11658
7398
580
-6439
-11231
-12140
-8850
-2499
4715
10299
12321
10081
4355
-2877
-9115
-12200
-11067
-6106
966
7704
11777
11777
7704
966
-6106
-11067
-12200
-9115
-2877
4355
10081
12321
10299
4715
-2499
-8850
-12140
-11231
-6439
580
7398
11658
11885
8002
1352
-5767
-10891
-12249
-9371
-3252
3991
9854
12308
10506
5070
-2119
-8576
-12067
-11385
-6766
193
7085
11527
11982
8293
1736
-5422
-10704
-12285
-9617
-3624
3623
9616
12284
10703
5421
-1737
-8294
-11983
-11528
-7086
-194
6765
11384
12066
8575
2118
-5071
-10507
-12309
-9855
-3992
3251
9370
12248
10890
5766
-1353
-8003
-11886
-11659
-7399
-581
6438
11230
12139
8849
2498
-4716
-10300
-12322
-10082
-4356
2876
9114
12199
11066
6105
-967
