0
0
0
0
-2
-8
-16
-22
-20
-7
17
41
56
48
14
-40
-95
-123
-101
-25
86
191
238
188
38
-171
-357
-429
-326
-50
315
625
727
529
51
-555
-1048
-1186
-833
-40
939
1716
1912
1318
20
-1584
-2882
-3257
-2318
-91
2938
5943
8011
8460
7082
4246
784
-2277
-4068
-4174
-2763
-506
1687
3006
3034
1875
85
-1577
-2457
-2263
-1156
340
1575
2050
1618
522
-724
-1571
-1675
-1031
36
1031
1511
1284
480
-515
-1240
-1373
-867
29
895
1332
1143
425
-485
-1163
-1299
-831
20
860
1300
1137
448
-449
-1140
-1308
-876
-42
811
1292
1179
525
-370
-1095
-1318
-936
-125
744
1271
1214
600
-289
-1047
-1324
-993
-208
673
1245
1245
673
-208
-993
-1324
-1047
-289
600
1214
1271
744
-125
-936
-1318
-1095
-370
525
1179
1292
811
-42
-876
-1308
-1140
-449
448
1139
1307
875
41
-812
-1293
-1180
-526
369
1094
1317
935
124
-745
-1272
-1215
-601
288
1046
1323
992
207
-674
-1246
-1246
-674
207
992
1323
1046
288
-601
-1215
-1272
-745
124
935
1317
1094
369
-526
-1180
-1293
-812
41
875
1307
1139
448
-449
-1140
-1308
-876
-42
811
1292
1179
525
-370
-1095
-1318
-936
-125
744
1271
1214
600
-289
-1047
-1324
-993
-208
673
1245
1245
673
-208
-993
-1324
-1047
-289
600
1214
1271
744
-125
-936
-1318
-1095
-370
525
1179
1292
811
-42
-876
-1308
-1140
-449
448
1139
1307
875
41
-812
-1293
-1180
-526
369
1094
1317
935
124
-745
-1272
-1215
-601
288
1046
1323
992
207
-674
-1246
-1246
-674
207
992
1323
1046
288
-601
-1215
-1272
-745
124
935
1317
1094
369
-526
-1180
-1293
-812
41
875
1307
1139
448
-449
-1140
-1308
-876
-42
811
1292
1179
525
-370
-1095
-1318
-936
-125
744
1271
1214
600
-289
-1047
-1324
-993
-208
673
1245
1245
673
-208
-993
-1324
-1047
-289
600
1214
1271
744
-125
-936
-1318
-1095
-370
525
1179
1292
811
-42
-876
-1308
-1140
-449
448
1139
1307
875
41
-812
-1293
-1180
-526
369
1094
1317
935
124
-745
-1272
-1215
-601
288
1046
1323
992
207
-674
-1246
-1246
-674
207
992
1323
1046
288
-601
-1215
-1272
-745
124
935
1317
1094
369
-526
-1180
-1293
-812
41
875
1307
1139
448
-449
-1140
-1308
-876
-42
811
1292
1179
525
-370
-1095
-1318
-936
-125
744
1271
1214
600
-289
-1047
-1324
-993
-208
673
1245
1245
673
-208
-993
-1324
-1047
-289
600
1214
1271
744
-125
-936
-1318
-1095
-370
525
1179
1292
811
-42
-876
-1308
-1140
-449
448
1139
1307
875
41
-812
-1293
-1180
-526
369
1094
1317
935
124
-745
-1272
-1215
-601
288
1046
1323
992
207
-674
-1246
-1246
-674
207
992
1323
1046
288
-601
-1215
-1272
-745
124
935
1317
1094
369
-526
-1180
-1293
-812
41
875
1307
