0
0
0
0
0
0
0
0
0
0
0
0
0
0
0
0
0
0
0
0
0
0
0
0
0
0
0
0
0
0
0
0
0
0
0
0
0
0
0
0
0
0
0
0
0
0
0
0
0
0
0
0
0
0
0
0
0
0
0
0
0
0
0
0
0
0
0
0
0
0
0
0
0
0
0
0
0
0
0
0
0
0
0
0
0
0
0
0
0
0
0
0
0
0
0
0
0
0
0
0
-3
-9
-11
-6
4
12
13
10
5
-1
-14
-28
-32
-17
10
35
47
43
23
-10
-51
-83
-84
-44
25
92
131
122
63
-34
-139
-208
-202
-104
57
226
332
321
174
-82
-374
-592
-622
-387
111
790
1512
2120
2471
2476
2128
1512
781
106
-382
-614
-592
-382
-87
179
329
332
218
52
-99
-194
-208
-147
-39
68
130
131
84
20
-39
-75
-83
-59
-15
28
51
47
27
5
-12
-24
-28
-22
-6
10
18
13
4
-1
-1
-3
-9
-11
-5
4
8
0
-9
-5
4
8
0
-9
-5
4
8
0
-9
-5
4
8
0
-9
-5
4
8
0
-9
-5
4
8
0
-9
-5
4
8
0
-9
-5
4
8
0
-9
-5
4
8
0
-9
-5
4
8
0
-9
-5
4
8
0
-9
-5
4
8
0
-9
-5
4
8
0
-9
-5
4
8
0
-9
-5
4
8
0
-9
-5
4
8
0
-9
-5
4
8
0
-9
-5
4
8
0
-9
-5
4
8
0
-9
-5
4
8
0
-9
-5
4
8
0
-9
-5
4
8
0
-9
-5
4
8
0
-9
-5
4
8
0
-9
-5
4
8
0
-9
-5
4
8
0
-9
-5
4
8
0
-9
-5
4
8
0
-9
-5
4
8
0
-9
-5
4
8
0
-9
-5
4
8
0
-9
-5
4
8
0
-9
-5
4
8
0
-9
-5
4
8
0
-9
-5
4
8
0
-9
-5
4
8
0
-9
-5
4
8
0
-9
-5
4
8
0
-9
-5
4
8
0
-9
-5
4
8
0
-9
-5
4
8
0
-9
-5
4
8
0
-9
-5
4
8
0
-9
-5
4
8
0
-9
-5
4
8
0
-9
-5
4
8
0
-9
-5
4
8
0
-9
-5
4
8
0
-9
-5
4
8
0
-9
-5
4
8
0
-9
-5
4
8
0
-9
-5
4
8
0
-9
-5
4
8
0
-9
-5
4
8
0
-9
-5
4
8
0
-9
-5
4
8
0
-9
-5
4
8
0
-9
-5
4
8
0
-9
-5
4
8
0
-9
-5
4
8
0
-9
-5
4
8
0
-9
-5
4
8
0
-9
-5
4
8
0
-9
-5
4
8
0
-9
-5
4
8
0
-9
-5
4
8
0
-9
-5
4
8
0
-9
-5
4
8
0
-9
-5
4
8
0
-9
-5
4
8
0
-9
-5
4
8
0
-9
-5
4
8
0
-9
-5
4
8
0
-9
-5
4
8
0
-9
-5
4
8
0
-9
-5
4
8
0
-9
-5
4
8
0
-9
-5
4
8
0
-9
-5
4
8
0
-9
-5
4
8
0
-9
-5
4
10
8
2
0
0
-5
